21
0 80 28 44 35 33 7 36 54 34 92 38 40 79 42 84 6 38 83 68 4
80 0 52 31 32 50 73 25 6 43 29 61 50 81 64 77 25 1 53 27 3
28 52 0 64 14 71 5 37 59 33 67 98 60 85 59 66 7 13 79 93 7
44 31 64 0 66 35 97 33 91 79 78 73 6 35 41 9 96 48 25 52 84
35 32 14 66 0 38 99 14 11 10 99 45 98 51 34 91 75 67 42 83 69
33 50 71 35 38 0 47 84 41 3 15 25 22 99 82 51 2 99 10 77 12
7 73 5 97 99 47 0 99 94 82 76 8 49 37 99 32 3 80 56 59 13
36 25 37 33 14 84 99 0 75 40 10 34 80 83 62 86 97 38 91 17 72
54 6 59 91 11 41 94 75 0 37 90 54 93 42 99 73 48 9 91 35 37
34 43 33 79 10 3 82 40 37 0 41 81 87 85 86 31 92 91 68 84 30
92 29 67 78 99 15 76 10 90 41 0 71 57 72 45 30 67 39 65 59 45
38 61 98 73 45 25 8 34 54 81 71 0 25 63 3 2 62 10 43 41 97
40 50 60 6 98 22 49 80 93 87 57 25 0 85 82 42 30 48 4 65 72
79 81 85 35 51 99 37 83 42 85 72 63 85 0 69 55 67 76 14 91 89
42 64 59 41 34 82 99 62 99 86 45 3 82 69 0 4 64 93 72 83 22
84 77 66 9 91 51 32 86 73 31 30 2 42 55 4 0 40 25 66 82 2
6 25 7 96 75 2 3 97 48 92 67 62 30 67 64 40 0 36 78 86 18
38 1 13 48 67 99 80 38 9 91 39 10 48 76 93 25 36 0 100 34 3
83 53 79 25 42 10 56 91 91 68 65 43 4 14 72 66 78 100 0 20 88
68 27 93 52 83 77 59 17 35 84 59 41 65 91 83 82 86 34 20 0 47
4 3 7 84 69 12 13 72 37 30 45 97 72 89 22 2 18 3 88 47 0